78.66666666666667
94.66666666666667
62.666666666666664
64.66666666666667
56.666666666666664
53.0
73.66666666666667
72.33333333333333
73.66666666666667
59.666666666666664
47.333333333333336
53.333333333333336
57.333333333333336
48.0
36.666666666666664
61.666666666666664
58.666666666666664
61.0
69.0
51.0
57.0
54.0
77.66666666666667
81.66666666666667
48.666666666666664
58.666666666666664
40.666666666666664
75.33333333333333
61.666666666666664
88.33333333333333
64.0
46.666666666666664
57.0
61.0
60.0
55.333333333333336
71.0
57.666666666666664
71.33333333333333
64.66666666666667
45.666666666666664
69.0
84.66666666666667
55.333333333333336
56.666666666666664
56.666666666666664
37.0
74.66666666666667
49.0
66.33333333333333
52.333333333333336
68.33333333333333
87.66666666666667
84.66666666666667
68.33333333333333
77.33333333333333
73.66666666666667
43.0
61.0
52.333333333333336
68.66666666666667
51.333333333333336
77.33333333333333
75.66666666666667
57.333333333333336
60.0
64.0
51.0
56.666666666666664
54.666666666666664
77.0
60.666666666666664
57.0
44.333333333333336
73.33333333333333
57.0
72.66666666666667
76.66666666666667
54.666666666666664
73.0
62.666666666666664
48.0
73.33333333333333
55.666666666666664
49.0
87.33333333333333
63.0
43.333333333333336
51.333333333333336
59.73033707865169 63.38202247191011 63.842696629213485 